,SF_15_50_2_2_1,SF_15_50_2_2_2,SF_15_50_2_2_3,SF_15_50_2_2_4,SF_15_50_2_2_5,SF_15_50_5_2_1,SF_15_50_5_2_2,SF_15_50_5_2_3,SF_15_50_5_2_4,SF_15_50_5_2_5,SF_15_50_8_2_1,SF_15_50_8_2_2,SF_15_50_8_2_3,SF_15_50_8_2_4,SF_15_50_8_2_5,SF_15_50_2_5_1,SF_15_50_2_5_2,SF_15_50_2_5_3,SF_15_50_2_5_4,SF_15_50_2_5_5,SF_15_50_5_5_1,SF_15_50_5_5_2,SF_15_50_5_5_3,SF_15_50_5_5_4,SF_15_50_5_5_5,SF_15_50_8_5_1,SF_15_50_8_5_2,SF_15_50_8_5_3,SF_15_50_8_5_4,SF_15_50_8_5_5,SF_15_50_2_8_1,SF_15_50_2_8_2,SF_15_50_2_8_3,SF_15_50_2_8_4,SF_15_50_2_8_5,SF_15_50_5_8_1,SF_15_50_5_8_2,SF_15_50_5_8_3,SF_15_50_5_8_4,SF_15_50_5_8_5,SF_15_50_8_8_1,SF_15_50_8_8_2,SF_15_50_8_8_3,SF_15_50_8_8_4,SF_15_50_8_8_5,SF_25_100_2_2_1,SF_25_100_2_2_2,SF_25_100_2_2_3,SF_25_100_2_2_4,SF_25_100_2_2_5,SF_25_100_2_2_6,SF_25_100_2_2_7,SF_25_100_2_2_8,SF_25_100_2_2_9,SF_25_100_2_2_10,SF_25_100_5_2_1,SF_25_100_5_2_2,SF_25_100_5_2_3,SF_25_100_5_2_5,SF_25_100_5_2_6,SF_25_100_5_2_7,SF_25_100_5_2_8,SF_25_100_5_2_9,SF_25_100_5_2_10,SF_25_100_8_2_1,SF_25_100_8_2_2,SF_25_100_8_2_3,SF_25_100_8_2_4,SF_25_100_8_2_5,SF_25_100_8_2_6,SF_25_100_8_2_7,SF_25_100_8_2_8,SF_25_100_8_2_9,SF_25_100_8_2_10,SF_25_100_2_5_1,SF_25_100_2_5_2,SF_25_100_2_5_3,SF_25_100_2_5_4,SF_25_100_2_5_5,SF_25_100_2_5_6,SF_25_100_2_5_7,SF_25_100_2_5_8,SF_25_100_2_5_9,SF_25_100_2_5_10,SF_25_100_5_5_1,SF_25_100_5_5_2,SF_25_100_5_5_3,SF_25_100_5_5_4,SF_25_100_5_5_5,SF_25_100_5_5_6,SF_25_100_5_5_7,SF_25_100_5_5_8,SF_25_100_5_5_9,SF_25_100_5_5_10,SF_25_100_8_5_1,SF_25_100_8_5_2,SF_25_100_8_5_3,SF_25_100_8_5_4,SF_25_100_8_5_5,SF_25_100_8_5_6,SF_25_100_8_5_7,SF_25_100_8_5_8,SF_25_100_8_5_9,SF_25_100_8_5_10,SF_25_100_2_8_1,SF_25_100_2_8_2,SF_25_100_2_8_3,SF_25_100_2_8_4,SF_25_100_2_8_5,SF_25_100_2_8_6,SF_25_100_2_8_7,SF_25_100_2_8_8,SF_25_100_2_8_9,SF_25_100_2_8_10,SF_25_100_5_8_1,SF_25_100_5_8_2,SF_25_100_5_8_3,SF_25_100_5_8_4,SF_25_100_5_8_5,SF_25_100_5_8_6,SF_25_100_5_8_7,SF_25_100_5_8_8,SF_25_100_5_8_9,SF_25_100_5_8_10,SF_25_100_8_8_1,SF_25_100_8_8_2,SF_25_100_8_8_3,SF_25_100_8_8_4,SF_25_100_8_8_5,SF_25_100_8_8_6,SF_25_100_8_8_7,SF_25_100_8_8_8,SF_25_100_8_8_9,SF_25_100_8_8_10
GRNBOOST2,0.384122633762422,0.224410292657164,0.30099973691815,0.267006600996162,0.198007411454843,0.283244475666776,0.232120768647583,0.344566721313084,0.287931485318495,0.274172020359135,0.319340024161493,0.253397448182947,0.302849018545639,0.289908483802362,0.426164457651362,0.343518008719222,0.369268484095858,0.333264643143192,0.255782175107682,0.300824073396517,0.233528998299789,0.329034460076053,0.26396229164962,0.265447714550151,0.327701195696715,0.319115034898752,0.236576675701584,0.303797933966217,0.225310076111815,0.295203419881215,NA,0.214028496600318,0.393827296659095,0.310664858341092,0.313755446875464,0.391764620955202,0.374700252905068,0.230050177101199,0.291005348567592,0.241402900101775,0.390395598930286,0.330539418629557,0.315183619284967,0.27770769185607,0.443959488688137,0.128204716472019,0.18686715361455,0.16215890667804,0.149982172469428,0.161926302393756,0.141931075001542,0.151735094892579,0.163574029884897,0.138347454615916,0.151976320935388,0.171266951960299,0.215401245464866,0.301682683917362,NA,0.205879577429351,0.149991035301751,0.216293293499765,0.204972659684937,0.204862039721259,0.172711004647518,0.174420449555512,0.140937368142536,0.149004710762435,0.189658099725138,0.16554291625239,0.178219556801487,0.146008051310576,0.186389243296959,0.165338358928452,0.184957650700347,NA,0.248099797994773,0.252816527708959,0.201249396688618,0.205157463824172,0.198465358034667,0.246731280122805,0.236730271258704,0.138867725871935,0.23047814229332,0.242921371245849,0.209286580525851,0.171990800054432,0.197357996011149,0.168084554297385,0.237502813143169,0.261315363794016,0.18266591200351,0.246830504849207,0.237135272268012,0.305479619719677,0.246857735260851,0.219887985006918,0.245721974068888,0.209380429027597,0.240274291169844,0.284963318238831,0.253452712268187,NA,0.255345874449709,0.217939677768334,0.219789976931561,0.240679890912378,0.234909579331923,0.268522872252295,0.259632313795905,0.210088826864475,0.183246946379361,0.198058900985146,0.196018936677217,0.224691590907218,0.199106895511827,0.274644378602103,0.175888537449925,0.190704866005006,0.276833471302245,0.199901017978207,0.279068347171869,0.214825591691426,0.282666979051733,0.219280369656003,0.265298924797677,0.221567824965347,0.16515118313201,0.227745467245888,0.281407673438031,0.313317709735394,0.181509314544478,0.221145743184893
SINCERITIES,0.278263947662294,0.209899659902945,0.19397769400882,0.303021268844005,0.223543189621457,0.214270911330657,0.241856156512872,0.287573409490533,0.234855339200322,0.236686668794078,0.204817366369049,0.209899659902945,0.16592671217867,0.199644972062539,0.236643896723397,0.271538428661379,0.19599063850396,0.282100108324573,0.233386121087462,0.195404074743929,0.250053028383288,0.297552080912432,0.384714908235627,0.210652815191124,0.389110699474987,0.366036721026848,0.313111051051555,0.230817031862738,0.21148330437582,0.200606854761849,NA,0.233412612555149,0.234387827316833,0.237531610718001,0.229119301395774,0.2358300848444,0.234075039454587,0.209134885766127,0.211660729593391,0.229577149053911,0.268228645239832,0.2912716870304,0.332974926616275,0.260564706494766,0.205265458181684,0.154313509159514,0.1272377688441,0.207092383891018,0.141259707141226,0.146434378756748,0.203923841857904,0.141259707141226,0.146434378756748,0.203923841857904,0.141259707141226,0.128109360989323,0.167023652829172,0.176695375398292,0.146089130635114,0.167023652829172,0.139051278194216,0.226632909040645,0.146089130635114,0.167023652829172,0.134839052434126,0.176632231150562,0.123402680864425,0.149554048771115,0.158387450396068,0.150440589304169,0.134839052434126,0.149554048771115,0.158387450396068,0.150440589304169,0.175019552913572,0.170347121855494,0.13934431018982,0.183375847222372,0.15236707213286,0.218031800869346,0.219753207003977,0.178554501174846,0.173646724565103,0.195307445773282,0.169165462898495,0.165443426832008,0.147195700001309,0.193424390334018,0.173018093590692,0.147211653407086,0.151864585996532,0.18038019892304,0.179965800676319,0.175429984833802,0.17099151484879,0.163319704156838,0.174243176046733,0.143927282089314,0.183913971851249,0.184191784004066,0.164336302845933,0.151514877628682,0.152506785900217,0.157771218552079,0.156895936712414,0.15666520298547,0.18301213532174,0.161735825411975,0.156166052762461,0.159171140746282,0.150233613226653,0.19067243130004,0.165641967600373,0.142554166015155,0.179356964276305,0.16222938019499,0.176362466546967,0.155694974970778,0.167402232705355,0.169117048851387,0.157208229808312,0.16679094842201,0.196268150131457,0.204321686688608,0.156449144383522,0.149045855095821,0.17411061533189,0.179755700693634,0.133114789806469,0.165305366988818,0.153714235128513,0.156411685410449,0.160566247657542,0.161577532264585
